./p43.exe
123456789
123456798
123456879
123456897
123456978
123456987
123457689
123457698
123457869
123457896
123457968
123457986
123458679
123458697
123458769
123458796
123458967
123458976
123459678
123459687
123459768
123459786
123459867
123459876
123465789
123465798
123465879
123465897
123465978
123465987
123467589
123467598
123467859
123467895
123467958
123467985
123468579
123468597
123468759
123468795
123468957
123468975
123469578
123469587
123469758
123469785
123469857
123469875
123475689
123475698
123475869
123475896
123475968
123475986
123476589
123476598
123476859
123476895
123476958
123476985
123478569
123478596
123478659
123478695
123478956
123478965
123479568
123479586
123479658
123479685
123479856
123479865
123485679
123485697
123485769
123485796
123485967
123485976
123486579
123486597
123486759
123486795
123486957
123486975
123487569
123487596
123487659
123487695
123487956
123487965
123489567
123489576
123489657
123489675
123489756
123489765
123495678
123495687
123495768
123495786
123495867
123495876
123496578
123496587
123496758
123496785
123496857
123496875
123497568
123497586
123497658
123497685
123497856
123497865
123498567
123498576
123498657
123498675
123498756
123498765
123546789
123546798
123546879
123546897
123546978
123546987
123547689
123547698
123547869
123547896
123547968
123547986
123548679
123548697
123548769
123548796
123548967
123548976
123549678
123549687
123549768
123549786
123549867
123549876
123564789
123564798
123564879
123564897
123564978
123564987
123567489
123567498
123567849
123567894
123567948
123567984
123568479
123568497
123568749
123568794
123568947
123568974
123569478
123569487
123569748
123569784
123569847
123569874
123574689
123574698
123574869
123574896
123574968
123574986
123576489
123576498
123576849
123576894
123576948
123576984
123578469
123578496
123578649
123578694
123578946
123578964
123579468
123579486
123579648
123579684
123579846
123579864
123584679
123584697
123584769
123584796
123584967
123584976
123586479
123586497
123586749
123586794
123586947
123586974
123587469
123587496
123587649
123587694
123587946
123587964
123589467
123589476
123589647
123589674
123589746
123589764
123594678
123594687
123594768
123594786
123594867
123594876
123596478
123596487
123596748
123596784
123596847
123596874
123597468
123597486
123597648
123597684
123597846
123597864
123598467
123598476
123598647
123598674
123598746
123598764
123645789
123645798
123645879
123645897
123645978
123645987
123647589
123647598
123647859
123647895
123647958
123647985
123648579
123648597
123648759
123648795
123648957
123648975
123649578
123649587
123649758
123649785
123649857
123649875
123654789
123654798
123654879
123654897
123654978
123654987
123657489
123657498
123657849
123657894
123657948
123657984
123658479
123658497
123658749
123658794
123658947
123658974
123659478
123659487
123659748
123659784
123659847
123659874
123674589
123674598
123674859
123674895
123674958
123674985
123675489
123675498
123675849
123675894
123675948
123675984
123678459
123678495
123678549
123678594
123678945
123678954
123679458
123679485
123679548
123679584
123679845
123679854
123684579
123684597
123684759
123684795
123684957
123684975
123685479
123685497
123685749
123685794
123685947
123685974
123687459
123687495
123687549
123687594
123687945
123687954
123689457
123689475
123689547
123689574
123689745
123689754
123694578
123694587
123694758
123694785
123694857
123694875
123695478
123695487
123695748
123695784
123695847
123695874
123697458
123697485
123697548
123697584
123697845
123697854
123698457
123698475
123698547
123698574
123698745
123698754
123745689
123745698
123745869
123745896
123745968
123745986
123746589
123746598
123746859
123746895
123746958
123746985
123748569
123748596
123748659
123748695
123748956
123748965
123749568
123749586
123749658
123749685
123749856
123749865
123754689
123754698
123754869
123754896
123754968
123754986
123756489
123756498
123756849
123756894
123756948
123756984
123758469
123758496
123758649
123758694
123758946
123758964
123759468
123759486
123759648
123759684
123759846
123759864
123764589
123764598
123764859
123764895
123764958
123764985
123765489
123765498
123765849
123765894
123765948
123765984
123768459
123768495
123768549
123768594
123768945
123768954
123769458
123769485
123769548
123769584
123769845
123769854
123784569
123784596
123784659
123784695
123784956
123784965
123785469
123785496
123785649
123785694
123785946
123785964
123786459
123786495
123786549
123786594
123786945
123786954
123789456
123789465
123789546
123789564
123789645
123789654
123794568
123794586
123794658
123794685
123794856
123794865
123795468
123795486
123795648
123795684
123795846
123795864
123796458
123796485
123796548
123796584
123796845
123796854
123798456
123798465
123798546
123798564
123798645
123798654
123845679
123845697
123845769
123845796
123845967
123845976
123846579
123846597
123846759
123846795
123846957
123846975
123847569
123847596
123847659
123847695
123847956
123847965
123849567
123849576
123849657
123849675
123849756
123849765
123854679
123854697
123854769
123854796
123854967
123854976
123856479
123856497
123856749
123856794
123856947
123856974
123857469
123857496
123857649
123857694
123857946
123857964
123859467
123859476
123859647
123859674
123859746
123859764
123864579
123864597
123864759
123864795
123864957
123864975
123865479
123865497
123865749
123865794
123865947
123865974
123867459
123867495
123867549
123867594
123867945
123867954
123869457
123869475
123869547
123869574
123869745
123869754
123874569
123874596
123874659
123874695
123874956
123874965
123875469
123875496
123875649
123875694
123875946
123875964
123876459
123876495
123876549
123876594
123876945
123876954
123879456
123879465
123879546
123879564
123879645
123879654
123894567
123894576
123894657
123894675
123894756
123894765
123895467
123895476
123895647
123895674
123895746
123895764
123896457
123896475
123896547
123896574
123896745
123896754
123897456
123897465
123897546
123897564
123897645
123897654
123945678
123945687
123945768
123945786
123945867
123945876
123946578
123946587
123946758
123946785
123946857
123946875
123947568
123947586
123947658
123947685
123947856
123947865
123948567
123948576
123948657
123948675
123948756
123948765
123954678
123954687
123954768
123954786
123954867
123954876
123956478
123956487
123956748
123956784
123956847
123956874
123957468
123957486
123957648
123957684
123957846
123957864
123958467
123958476
123958647
123958674
123958746
123958764
123964578
123964587
123964758
123964785
123964857
123964875
123965478
123965487
123965748
123965784
123965847
123965874
123967458
123967485
123967548
123967584
123967845
123967854
123968457
123968475
123968547
123968574
123968745
123968754
123974568
123974586
123974658
123974685
123974856
123974865
123975468
123975486
123975648
123975684
123975846
123975864
123976458
123976485
123976548
123976584
123976845
123976854
123978456
123978465
123978546
123978564
123978645
123978654
123984567
123984576
123984657
123984675
123984756
123984765
123985467
123985476
123985647
123985674
123985746
123985764
123986457
123986475
123986547
123986574
123986745
123986754
123987456
123987465
123987546
123987564
123987645
123987654
124356789
124356798
124356879
124356897
124356978
124356987
124357689
124357698
124357869
124357896
124357968
124357986
124358679
124358697
124358769
124358796
124358967
124358976
124359678
124359687
124359768
124359786
124359867
124359876
124365789
124365798
124365879
124365897
124365978
124365987
124367589
124367598
124367859
124367895
124367958
124367985
124368579
124368597
124368759
124368795
124368957
124368975
124369578
124369587
124369758
124369785
124369857
124369875
124375689
124375698
124375869
124375896
124375968
124375986
124376589
124376598
124376859
124376895
124376958
124376985
124378569
124378596
124378659
124378695
124378956
124378965
124379568
124379586
124379658
124379685
124379856
124379865
124385679
124385697
124385769
124385796
124385967
124385976
124386579
124386597
124386759
124386795
124386957
124386975
124387569
124387596
124387659
124387695
124387956
124387965
124389567
124389576
124389657
124389675
124389756
124389765
124395678
124395687
124395768
124395786
124395867
124395876
124396578
124396587
124396758
124396785
124396857
124396875
124397568
124397586
124397658
124397685
124397856
124397865
124398567
124398576
124398657
124398675
124398756
124398765
124536789
124536798
124536879
124536897
124536978
124536987
124537689
124537698
124537869
124537896
124537968
124537986
124538679
124538697
124538769
124538796
124538967
124538976
124539678
124539687
124539768
124539786
124539867
124539876
124563789
124563798
124563879
124563897
124563978
124563987
124567389
124567398
124567839
124567893
124567938
124567983
124568379
124568397
124568739
124568793
124568937
124568973
124569378
124569387
124569738
124569783
124569837
124569873
124573689
124573698
124573869
124573896
124573968
124573986
124576389
124576398
124576839
124576893
124576938
124576983
124578369
124578396
124578639
124578693
124578936
124578963
124579368
124579386
124579638
124579683
124579836
124579863
124583679
124583697
124583769
124583796
124583967
124583976
124586379
124586397
124586739
124586793
124586937
124586973
124587369
124587396
124587639
124587693
124587936
124587963
124589367
124589376
124589637
124589673
124589736
124589763
124593678
124593687
124593768
124593786
124593867
124593876
124596378
124596387
124596738
124596783
124596837
124596873
124597368
124597386
124597638
124597683
124597836
124597863
124598367
124598376
124598637
124598673
124598736
124598763
124635789
124635798
124635879
124635897
124635978
124635987
124637589
124637598
124637859
124637895
124637958
124637985
124638579
124638597
124638759
124638795
124638957
124638975
124639578
124639587
124639758
124639785
124639857
124639875
124653789
124653798
124653879
124653897
124653978
124653987
124657389
124657398
124657839
124657893
124657938
124657983
124658379
124658397
124658739
124658793
124658937
124658973
124659378
124659387
124659738
124659783
124659837
124659873
124673589
124673598
124673859
124673895
124673958
124673985
124675389
124675398
124675839
124675893
124675938
124675983
124678359
124678395
124678539
124678593
124678935
124678953
124679358
124679385
124679538
124679583
124679835
124679853
124683579
124683597
124683759
124683795
124683957
124683975
124685379
124685397
124685739
124685793
124685937
124685973
124687359
124687395
124687539
124687593
124687935
124687953
124689357
124689375
124689537
124689573
124689735
124689753
124693578
124693587
124693758
124693785
124693857
124693875
124695378
124695387
124695738
124695783
124695837
124695873
124697358
124697385
124697538
124697583
124697835
124697853
124698357
124698375
124698537
124698573
124698735
124698753
124735689
124735698
124735869
124735896
124735968
124735986
124736589
124736598
124736859
124736895
124736958
124736985
124738569
124738596
124738659
124738695
124738956
124738965
124739568
124739586
124739658
124739685
124739856
124739865
124753689
124753698
124753869
124753896
124753968
124753986
124756389
124756398
124756839
124756893
124756938
124756983
124758369
124758396
124758639
124758693
124758936
124758963
124759368
124759386
124759638
124759683
124759836
124759863
124763589
124763598
124763859
124763895
124763958
124763985
124765389
124765398
124765839
124765893
124765938
124765983
124768359
124768395
124768539
124768593
124768935
124768953
124769358
124769385
124769538
124769583
124769835
124769853
124783569
124783596
124783659
124783695
124783956
124783965
124785369
124785396
124785639
124785693
124785936
124785963
124786359
124786395
124786539
124786593
124786935
124786953
124789356
124789365
124789536
124789563
124789635
124789653
124793568
124793586
124793658
124793685
124793856
124793865
124795368
124795386
124795638
124795683
124795836
124795863
124796358
124796385
124796538
124796583
124796835
124796853
124798356
124798365
124798536
124798563
124798635
124798653
124835679
124835697
124835769
124835796
124835967
124835976
124836579
124836597
124836759
124836795
124836957
124836975
124837569
124837596
124837659
124837695
124837956
124837965
124839567
124839576
124839657
124839675
124839756
124839765
124853679
124853697
124853769
124853796
124853967
124853976
124856379
124856397
124856739
124856793
124856937
124856973
124857369
124857396
124857639
124857693
124857936
124857963
124859367
124859376
124859637
124859673
124859736
124859763
124863579
124863597
124863759
124863795
124863957
124863975
124865379
124865397
124865739
124865793
124865937
124865973
124867359
124867395
124867539
124867593
124867935
124867953
124869357
124869375
124869537
124869573
124869735
124869753
124873569
124873596
124873659
124873695
124873956
124873965
124875369
124875396
124875639
124875693
124875936
124875963
124876359
124876395
124876539
124876593
124876935
124876953
124879356
124879365
124879536
124879563
124879635
124879653
124893567
124893576
124893657
124893675
124893756
124893765
124895367
124895376
124895637
124895673
124895736
124895763
124896357
124896375
124896537
124896573
124896735
124896753
124897356
124897365
124897536
124897563
124897635
124897653
124935678
124935687
124935768
124935786
124935867
124935876
124936578
124936587
124936758
124936785
124936857
124936875
124937568
124937586
124937658
124937685
124937856
124937865
124938567
124938576
124938657
124938675
124938756
124938765
124953678
124953687
124953768
124953786
124953867
124953876
124956378
124956387
124956738
124956783
124956837
124956873
124957368
124957386
124957638
124957683
124957836
124957863
124958367
124958376
124958637
124958673
124958736
124958763
124963578
124963587
124963758
124963785
124963857
124963875
124965378
124965387
124965738
124965783
124965837
124965873
124967358
124967385
124967538
124967583
124967835
124967853
124968357
124968375
124968537
124968573
124968735
124968753
124973568
124973586
124973658
124973685
124973856
124973865
124975368
124975386
124975638
124975683
124975836
124975863
124976358
124976385
124976538
124976583
124976835
124976853
124978356
124978365
124978536
124978563
124978635
124978653
124983567
124983576
124983657
124983675
124983756
124983765
124985367
124985376
124985637
124985673
124985736
124985763
124986357
124986375
124986537
124986573
124986735
124986753
124987356
124987365
124987536
124987563
124987635
124987653
125346789
125346798
125346879
125346897
125346978
125346987
125347689
125347698
125347869
125347896
125347968
125347986
125348679
125348697
125348769
125348796
125348967
125348976
125349678
125349687
125349768
125349786
125349867
125349876
125364789
125364798
125364879
125364897
125364978
125364987
125367489
125367498
125367849
125367894
125367948
125367984
125368479
125368497
125368749
125368794
125368947
125368974
125369478
125369487
125369748
125369784
125369847
125369874
125374689
125374698
125374869
125374896
125374968
125374986
125376489
125376498
125376849
125376894
125376948
125376984
125378469
125378496
125378649
125378694
125378946
125378964
125379468
125379486
125379648
125379684
125379846
125379864
125384679
125384697
125384769
125384796
125384967
125384976
125386479
125386497
125386749
125386794
125386947
125386974
125387469
125387496
125387649
125387694
125387946
125387964
125389467
125389476
125389647
125389674
125389746
125389764
125394678
125394687
125394768
125394786
125394867
125394876
125396478
125396487
125396748
125396784
125396847
125396874
125397468
125397486
125397648
125397684
125397846
125397864
125398467
125398476
125398647
125398674
125398746
125398764
125436789
125436798
125436879
125436897
125436978
125436987
125437689
125437698
125437869
125437896
125437968
125437986
125438679
125438697
125438769
125438796
125438967
125438976
125439678
125439687
125439768
125439786
125439867
125439876
125463789
125463798
125463879
125463897
125463978
125463987
125467389
125467398
125467839
125467893
125467938
125467983
125468379
125468397
125468739
125468793
125468937
125468973
125469378
125469387
125469738
125469783
125469837
125469873
125473689
125473698
125473869
125473896
125473968
125473986
125476389
125476398
125476839
125476893
125476938
125476983
125478369
125478396
125478639
125478693
125478936
125478963
125479368
125479386
125479638
125479683
125479836
125479863
125483679
125483697
125483769
125483796
125483967
125483976
125486379
125486397
125486739
125486793
125486937
125486973
125487369
125487396
125487639
125487693
125487936
125487963
125489367
125489376
125489637
125489673
125489736
125489763
125493678
125493687
125493768
125493786
125493867
125493876
125496378
125496387
125496738
125496783
125496837
125496873
125497368
125497386
125497638
125497683
125497836
125497863
125498367
125498376
125498637
125498673
125498736
125498763
125634789
125634798
125634879
125634897
125634978
125634987
125637489
125637498
125637849
125637894
125637948
125637984
125638479
125638497
125638749
125638794
125638947
125638974
125639478
125639487
125639748
125639784
125639847
125639874
125643789
125643798
125643879
125643897
125643978
125643987
125647389
125647398
125647839
125647893
125647938
125647983
125648379
125648397
125648739
125648793
125648937
125648973
125649378
125649387
125649738
125649783
125649837
125649873
125673489
125673498
125673849
125673894
125673948
125673984
125674389
125674398
125674839
125674893
125674938
125674983
125678349
125678394
125678439
125678493
125678934
125678943
125679348
125679384
125679438
125679483
125679834
125679843
125683479
125683497
125683749
125683794
125683947
125683974
125684379
125684397
125684739
125684793
125684937
125684973
125687349
125687394
125687439
125687493
125687934
125687943
125689347
125689374
125689437
125689473
125689734
125689743
125693478
125693487
125693748
125693784
125693847
125693874
125694378
125694387
125694738
125694783
125694837
125694873
125697348
125697384
125697438
125697483
125697834
125697843
125698347
125698374
125698437
125698473
125698734
125698743
125734689
125734698
125734869
125734896
125734968
125734986
125736489
125736498
125736849
125736894
125736948
125736984
125738469
125738496
125738649
125738694
125738946
125738964
125739468
125739486
125739648
125739684
125739846
125739864
125743689
125743698
125743869
125743896
125743968
125743986
125746389
125746398
125746839
125746893
125746938
125746983
125748369
125748396
125748639
125748693
125748936
125748963
125749368
125749386
125749638
125749683
125749836
125749863
125763489
125763498
125763849
125763894
125763948
125763984
125764389
125764398
125764839
125764893
125764938
125764983
125768349
125768394
125768439
125768493
125768934
125768943
125769348
125769384
125769438
125769483
125769834
125769843
125783469
125783496
125783649
125783694
125783946
125783964
125784369
125784396
125784639
125784693
125784936
125784963
125786349
125786394
125786439
125786493
125786934
125786943
125789346
125789364
125789436
125789463
125789634
125789643
125793468
125793486
125793648
125793684
125793846
125793864
125794368
125794386
125794638
125794683
125794836
125794863
125796348
125796384
125796438
125796483
125796834
125796843
125798346
125798364
125798436
125798463
125798634
125798643
125834679
125834697
125834769
125834796
125834967
125834976
125836479
125836497
125836749
125836794
125836947
125836974
125837469
125837496
125837649
125837694
125837946
125837964
125839467
125839476
125839647
125839674
125839746
125839764
125843679
125843697
125843769
125843796
125843967
125843976
125846379
125846397
125846739
125846793
125846937
125846973
125847369
125847396
125847639
125847693
125847936
125847963
125849367
125849376
125849637
125849673
125849736
125849763
125863479
125863497
125863749
125863794
125863947
125863974
125864379
125864397
125864739
125864793
125864937
125864973
125867349
125867394
125867439
125867493
125867934
125867943
125869347
125869374
125869437
125869473
125869734
125869743
125873469
125873496
125873649
125873694
125873946
125873964
125874369
125874396
125874639
125874693
125874936
125874963
125876349
125876394
125876439
125876493
125876934
125876943
125879346
125879364
125879436
125879463
125879634
125879643
125893467
125893476
125893647
125893674
125893746
125893764
125894367
125894376
125894637
125894673
125894736
125894763
125896347
125896374
125896437
125896473
125896734
125896743
125897346
125897364
125897436
125897463
125897634
125897643
125934678
125934687
125934768
125934786
125934867
125934876
125936478
125936487
125936748
125936784
125936847
125936874
125937468
125937486
125937648
125937684
125937846
125937864
125938467
125938476
125938647
125938674
125938746
125938764
125943678
125943687
125943768
125943786
125943867
125943876
125946378
125946387
125946738
125946783
125946837
125946873
125947368
125947386
125947638
125947683
125947836
125947863
125948367
125948376
125948637
125948673
125948736
125948763
125963478
125963487
125963748
125963784
125963847
125963874
125964378
125964387
125964738
125964783
125964837
125964873
125967348
125967384
125967438
125967483
125967834
125967843
125968347
125968374
125968437
125968473
125968734
125968743
125973468
125973486
125973648
125973684
125973846
125973864
125974368
125974386
125974638
125974683
125974836
125974863
125976348
125976384
125976438
125976483
125976834
125976843
125978346
125978364
125978436
125978463
125978634
125978643
125983467
125983476
125983647
125983674
125983746
125983764
125984367
125984376
125984637
125984673
125984736
125984763
125986347
125986374
125986437
125986473
125986734
125986743
125987346
125987364
125987436
125987463
125987634
125987643
126345789
126345798
126345879
126345897
126345978
126345987
126347589
126347598
126347859
126347895
126347958
126347985
126348579
126348597
126348759
126348795
126348957
126348975
126349578
126349587
126349758
126349785
126349857
126349875
126354789
126354798
126354879
126354897
126354978
126354987
126357489
126357498
126357849
126357894
126357948
126357984
126358479
126358497
126358749
126358794
126358947
126358974
126359478
126359487
126359748
126359784
126359847
126359874
126374589
126374598
126374859
126374895
126374958
126374985
126375489
126375498
126375849
126375894
126375948
126375984
126378459
126378495
126378549
126378594
126378945
126378954
126379458
126379485
126379548
126379584
126379845
126379854
126384579
126384597
126384759
126384795
126384957
126384975
126385479
126385497
126385749
126385794
126385947
126385974
126387459
126387495
126387549
126387594
126387945
126387954
126389457
126389475
126389547
126389574
126389745
126389754
126394578
126394587
126394758
126394785
126394857
126394875
126395478
126395487
126395748
126395784
126395847
126395874
126397458
126397485
126397548
126397584
126397845
126397854
126398457
126398475
126398547
126398574
126398745
126398754
126435789
126435798
126435879
126435897
126435978
126435987
126437589
126437598
126437859
126437895
126437958
126437985
126438579
126438597
126438759
126438795
126438957
126438975
126439578
126439587
126439758
126439785
126439857
126439875
126453789
126453798
126453879
126453897
126453978
126453987
126457389
126457398
126457839
126457893
126457938
126457983
126458379
126458397
126458739
126458793
126458937
126458973
126459378
126459387
126459738
126459783
126459837
126459873
126473589
126473598
126473859
126473895
126473958
126473985
126475389
126475398
126475839
126475893
126475938
126475983
126478359
126478395
126478539
126478593
126478935
126478953
126479358
126479385
126479538
126479583
126479835
126479853
126483579
126483597
126483759
126483795
126483957
126483975
126485379
126485397
126485739
126485793
126485937
126485973
126487359
126487395
126487539
126487593
126487935
126487953
126489357
126489375
126489537
126489573
126489735
126489753
126493578
126493587
126493758
126493785
126493857
126493875
126495378
126495387
126495738
126495783
126495837
126495873
126497358
126497385
126497538
126497583
126497835
126497853
126498357
126498375
126498537
126498573
126498735
126498753
126534789
126534798
126534879
126534897
126534978
126534987
126537489
126537498
126537849
126537894
126537948
126537984
126538479
126538497
126538749
126538794
126538947
126538974
126539478
126539487
126539748
126539784
126539847
126539874
126543789
126543798
126543879
126543897
126543978
126543987
126547389
126547398
126547839
126547893
126547938
126547983
126548379
126548397
126548739
126548793
126548937
126548973
126549378
126549387
126549738
126549783
126549837
126549873
126573489
126573498
126573849
126573894
126573948
126573984
126574389
126574398
126574839
126574893
126574938
126574983
126578349
126578394
126578439
126578493
126578934
126578943
126579348
126579384
126579438
126579483
126579834
126579843
126583479
126583497
126583749
126583794
126583947
126583974
126584379
126584397
126584739
126584793
126584937
126584973
126587349
126587394
126587439
126587493
126587934
126587943
126589347
126589374
126589437
126589473
126589734
126589743
126593478
126593487
126593748
126593784
126593847
126593874
126594378
126594387
126594738
126594783
126594837
126594873
126597348
126597384
126597438
126597483
126597834
126597843
126598347
126598374
126598437
126598473
126598734
126598743
126734589
126734598
126734859
126734895
126734958
126734985
126735489
126735498
126735849
126735894
126735948
126735984
126738459
126738495
126738549
126738594
126738945
126738954
126739458
126739485
126739548
126739584
126739845
126739854
126743589
126743598
126743859
126743895
126743958
126743985
126745389
126745398
126745839
126745893
126745938
126745983
126748359
126748395
126748539
126748593
126748935
126748953
126749358
126749385
126749538
126749583
126749835
126749853
126753489
126753498
126753849
126753894
126753948
126753984
126754389
126754398
126754839
126754893
126754938
126754983
126758349
126758394
126758439
126758493
126758934
126758943
126759348
126759384
126759438
126759483
126759834
126759843
126783459
126783495
126783549
126783594
126783945
126783954
126784359
126784395
126784539
126784593
126784935
126784953
126785349
126785394
126785439
126785493
126785934
126785943
126789345
126789354
126789435
126789453
126789534
126789543
126793458
126793485
126793548
126793584
126793845
126793854
126794358
126794385
126794538
126794583
126794835
126794853
126795348
126795384
126795438
126795483
126795834
126795843
126798345
126798354
126798435
126798453
126798534
126798543
126834579
126834597
126834759
126834795
126834957
126834975
126835479
126835497
126835749
126835794
126835947
126835974
126837459
126837495
126837549
126837594
126837945
126837954
126839457
126839475
126839547
126839574
126839745
126839754
126843579
126843597
126843759
126843795
126843957
126843975
126845379
126845397
126845739
126845793
126845937
126845973
126847359
126847395
126847539
126847593
126847935
126847953
126849357
126849375
126849537
126849573
126849735
126849753
126853479
126853497
126853749
126853794
126853947
126853974
126854379
126854397
126854739
126854793
126854937
126854973
126857349
126857394
126857439
126857493
126857934
126857943
126859347
126859374
126859437
126859473
126859734
126859743
126873459
126873495
126873549
126873594
126873945
126873954
126874359
126874395
126874539
126874593
126874935
126874953
126875349
126875394
126875439
126875493
126875934
126875943
126879345
126879354
126879435
126879453
126879534
126879543
126893457
126893475
126893547
126893574
126893745
126893754
126894357
126894375
126894537
126894573
126894735
126894753
126895347
126895374
126895437
126895473
126895734
126895743
126897345
126897354
126897435
126897453
126897534
126897543
126934578
126934587
126934758
126934785
126934857
126934875
126935478
126935487
126935748
126935784
126935847
126935874
126937458
126937485
126937548
126937584
126937845
126937854
126938457
126938475
126938547
126938574
126938745
126938754
126943578
126943587
126943758
126943785
126943857
126943875
126945378
126945387
126945738
126945783
126945837
126945873
126947358
126947385
126947538
126947583
126947835
126947853
126948357
126948375
126948537
126948573
126948735
126948753
126953478
126953487
126953748
126953784
126953847
126953874
126954378
126954387
126954738
126954783
126954837
126954873
126957348
126957384
126957438
126957483
126957834
126957843
126958347
126958374
126958437
126958473
126958734
126958743
126973458
126973485
126973548
126973584
126973845
126973854
126974358
126974385
126974538
126974583
126974835
126974853
126975348
126975384
126975438
126975483
126975834
126975843
126978345
126978354
126978435
126978453
126978534
126978543
126983457
126983475
126983547
126983574
126983745
126983754
126984357
126984375
126984537
126984573
126984735
126984753
126985347
126985374
126985437
126985473
126985734
126985743
126987345
126987354
126987435
126987453
126987534
126987543
127345689
127345698
127345869
127345896
127345968
127345986
127346589
127346598
127346859
127346895
127346958
127346985
127348569
127348596
127348659
127348695
127348956
127348965
127349568
127349586
127349658
127349685
127349856
127349865
127354689
127354698
127354869
127354896
127354968
127354986
127356489
127356498
127356849
127356894
127356948
127356984
127358469
127358496
127358649
127358694
127358946
127358964
127359468
127359486
127359648
127359684
127359846
127359864
127364589
127364598
127364859
127364895
127364958
127364985
127365489
127365498
127365849
127365894
127365948
127365984
127368459
127368495
127368549
127368594
127368945
127368954
127369458
127369485
127369548
127369584
127369845
127369854
127384569
127384596
127384659
127384695
127384956
127384965
127385469
127385496
127385649
127385694
127385946
127385964
127386459
127386495
127386549
127386594
127386945
127386954
127389456
127389465
127389546
127389564
127389645
127389654
127394568
127394586
127394658
127394685
127394856
127394865
127395468
127395486
127395648
127395684
127395846
127395864
127396458
127396485
127396548
127396584
127396845
127396854
127398456
127398465
127398546
127398564
127398645
127398654
127435689
127435698
127435869
127435896
127435968
127435986
127436589
127436598
127436859
127436895
127436958
127436985
127438569
127438596
127438659
127438695
127438956
127438965
127439568
127439586
127439658
127439685
127439856
127439865
127453689
127453698
127453869
127453896
127453968
127453986
127456389
127456398
127456839
127456893
127456938
127456983
127458369
127458396
127458639
127458693
127458936
127458963
127459368
127459386
127459638
127459683
127459836
127459863
127463589
127463598
127463859
127463895
127463958
127463985
127465389
127465398
127465839
127465893
127465938
127465983
127468359
127468395
127468539
127468593
127468935
127468953
127469358
127469385
127469538
127469583
127469835
127469853
127483569
127483596
127483659
127483695
127483956
127483965
127485369
127485396
127485639
127485693
127485936
127485963
127486359
127486395
127486539
127486593
127486935
127486953
127489356
127489365
127489536
127489563
127489635
127489653
127493568
127493586
127493658
127493685
127493856
127493865
127495368
127495386
127495638
127495683
127495836
127495863
127496358
127496385
127496538
127496583
127496835
127496853
127498356
127498365
127498536
127498563
127498635
127498653
127534689
127534698
127534869
127534896
127534968
127534986
127536489
127536498
127536849
127536894
127536948
127536984
127538469
127538496
127538649
127538694
127538946
127538964
127539468
127539486
127539648
127539684
127539846
127539864
127543689
127543698
127543869
127543896
127543968
127543986
127546389
127546398
127546839
127546893
127546938
127546983
127548369
127548396
127548639
127548693
127548936
127548963
127549368
127549386
127549638
127549683
127549836
127549863
127563489
127563498
127563849
127563894
127563948
127563984
127564389
127564398
127564839
127564893
127564938
127564983
127568349
127568394
127568439
127568493
127568934
127568943
127569348
127569384
127569438
127569483
127569834
127569843
127583469
127583496
127583649
127583694
127583946
127583964
127584369
127584396
127584639
127584693
127584936
127584963
127586349
127586394
127586439
127586493
127586934
127586943
127589346
127589364
127589436
127589463
127589634
127589643
127593468
127593486
127593648
127593684
127593846
127593864
127594368
127594386
127594638
127594683
127594836
127594863
127596348
127596384
127596438
127596483
127596834
127596843
127598346
127598364
127598436
127598463
127598634
127598643
127634589
127634598
127634859
127634895
127634958
127634985
127635489
127635498
127635849
127635894
127635948
127635984
127638459
127638495
127638549
127638594
127638945
127638954
127639458
127639485
127639548
127639584
127639845
127639854
127643589
127643598
127643859
127643895
127643958
127643985
127645389
127645398
127645839
127645893
127645938
127645983
127648359
127648395
127648539
127648593
127648935
127648953
127649358
127649385
127649538
127649583
127649835
127649853
127653489
127653498
127653849
127653894
127653948
127653984
127654389
127654398
127654839
127654893
127654938
127654983
127658349
127658394
127658439
127658493
127658934
127658943
127659348
127659384
127659438
127659483
127659834
127659843
127683459
127683495
127683549
127683594
127683945
127683954
127684359
127684395
127684539
127684593
127684935
127684953
127685349
127685394
127685439
127685493
127685934
127685943
127689345
127689354
127689435
127689453
127689534
127689543
127693458
127693485
127693548
127693584
127693845
127693854
127694358
127694385
127694538
127694583
127694835
127694853
127695348
127695384
127695438
127695483
127695834
127695843
127698345
127698354
127698435
127698453
127698534
127698543
127834569
127834596
127834659
127834695
127834956
127834965
127835469
127835496
127835649
127835694
127835946
127835964
127836459
127836495
127836549
127836594
127836945
127836954
127839456
127839465
127839546
127839564
127839645
127839654
127843569
127843596
127843659
127843695
127843956
127843965
127845369
127845396
127845639
127845693
127845936
127845963
127846359
127846395
127846539
127846593
127846935
127846953
127849356
127849365
127849536
127849563
127849635
127849653
127853469
127853496
127853649
127853694
127853946
127853964
127854369
127854396
127854639
127854693
127854936
127854963
127856349
127856394
127856439
127856493
127856934
127856943
127859346
127859364
127859436
127859463
127859634
127859643
127863459
127863495
127863549
127863594
127863945
127863954
127864359
127864395
127864539
127864593
127864935
127864953
127865349
127865394
127865439
127865493
127865934
127865943
127869345
127869354
127869435
127869453
127869534
127869543
127893456
127893465
127893546
127893564
127893645
127893654
127894356
127894365
127894536
127894563
127894635
127894653
127895346
127895364
127895436
127895463
127895634
127895643
127896345
127896354
127896435
127896453
127896534
127896543
127934568
127934586
127934658
127934685
127934856
127934865
127935468
127935486
127935648
127935684
127935846
127935864
127936458
127936485
127936548
127936584
127936845
127936854
127938456
127938465
127938546
127938564
127938645
127938654
127943568
127943586
127943658
127943685
127943856
127943865
127945368
127945386
127945638
127945683
127945836
127945863
127946358
127946385
127946538
127946583
127946835
127946853
127948356
127948365
127948536
127948563
127948635
127948653
127953468
127953486
127953648
127953684
127953846
127953864
127954368
127954386
127954638
127954683
127954836
127954863
127956348
127956384
127956438
127956483
127956834
127956843
127958346
127958364
127958436
127958463
127958634
127958643
127963458
127963485
127963548
127963584
127963845
127963854
127964358
127964385
127964538
127964583
127964835
127964853
127965348
127965384
127965438
127965483
127965834
127965843
127968345
127968354
127968435
127968453
127968534
127968543
127983456
127983465
127983546
127983564
127983645
127983654
127984356
127984365
127984536
127984563
127984635
127984653
127985346
127985364
127985436
127985463
127985634
127985643
127986345
127986354
127986435
127986453
127986534
127986543
128345679
128345697
128345769
128345796
128345967
128345976
128346579
128346597
128346759
128346795
128346957
128346975
128347569
128347596
128347659
128347695
128347956
128347965
128349567
128349576
128349657
128349675
128349756
128349765
128354679
128354697
128354769
128354796
128354967
128354976
128356479
128356497
128356749
128356794
128356947
128356974
128357469
128357496
128357649
128357694
128357946
128357964
128359467
128359476
128359647
128359674
128359746
128359764
128364579
128364597
128364759
128364795
128364957
128364975
128365479
128365497
128365749
128365794
128365947
128365974
128367459
128367495
128367549
128367594
128367945
128367954
128369457
128369475
128369547
128369574
128369745
128369754
128374569
128374596
128374659
128374695
128374956
128374965
128375469
128375496
128375649
128375694
128375946
128375964
128376459
128376495
128376549
128376594
128376945
128376954
128379456
128379465
128379546
128379564
128379645
128379654
128394567
128394576
128394657
128394675
128394756
128394765
128395467
128395476
128395647
128395674
128395746
128395764
128396457
128396475
128396547
128396574
128396745
128396754
128397456
128397465
128397546
128397564
128397645
128397654
128435679
128435697
128435769
128435796
128435967
128435976
128436579
128436597
128436759
128436795
128436957
128436975
128437569
128437596
128437659
128437695
128437956
128437965
128439567
128439576
128439657
128439675
128439756
128439765
128453679
128453697
128453769
128453796
128453967
128453976
128456379
128456397
128456739
128456793
128456937
128456973
128457369
128457396
128457639
128457693
128457936
128457963
128459367
128459376
128459637
128459673
128459736
128459763
128463579
128463597
128463759
128463795
128463957
128463975
128465379
128465397
128465739
128465793
128465937
128465973
128467359
128467395
128467539
128467593
128467935
128467953
128469357
128469375
128469537
128469573
128469735
128469753
128473569
128473596
128473659
128473695
128473956
128473965
128475369
128475396
128475639
128475693
128475936
128475963
128476359
128476395
128476539
128476593
128476935
128476953
128479356
128479365
128479536
128479563
128479635
128479653
128493567
128493576
128493657
128493675
128493756
128493765
128495367
128495376
128495637
128495673
128495736
128495763
128496357
128496375
128496537
128496573
128496735
128496753
128497356
128497365
128497536
128497563
128497635
128497653
128534679
128534697
128534769
128534796
128534967
128534976
128536479
128536497
128536749
128536794
128536947
128536974
128537469
128537496
128537649
128537694
128537946
128537964
128539467
128539476
128539647
128539674
128539746
128539764
128543679
128543697
128543769
128543796
128543967
128543976
128546379
128546397
128546739
128546793
128546937
128546973
128547369
128547396
128547639
128547693
128547936
128547963
128549367
128549376
128549637
128549673
128549736
128549763
128563479
128563497
128563749
128563794
128563947
128563974
128564379
128564397
128564739
128564793
128564937
128564973
128567349
128567394
128567439
128567493
128567934
128567943
128569347
128569374
128569437
128569473
128569734
128569743
128573469
128573496
128573649
128573694
128573946
128573964
128574369
128574396
128574639
128574693
128574936
128574963
128576349
128576394
128576439
128576493
128576934
128576943
128579346
128579364
128579436
128579463
128579634
128579643
128593467
128593476
128593647
128593674
128593746
128593764
128594367
128594376
128594637
128594673
128594736
128594763
128596347
128596374
128596437
128596473
128596734
128596743
128597346
128597364
128597436
128597463
128597634
128597643
128634579
128634597
128634759
128634795
128634957
128634975
128635479
128635497
128635749
128635794
128635947
128635974
128637459
128637495
128637549
128637594
128637945
128637954
128639457
128639475
128639547
128639574
128639745
128639754
128643579
128643597
128643759
128643795
128643957
128643975
128645379
128645397
128645739
128645793
128645937
128645973
128647359
128647395
128647539
128647593
128647935
128647953
128649357
128649375
128649537
128649573
128649735
128649753
128653479
128653497
128653749
128653794
128653947
128653974
128654379
128654397
128654739
128654793
128654937
128654973
128657349
128657394
128657439
128657493
128657934
128657943
128659347
128659374
128659437
128659473
128659734
128659743
128673459
128673495
128673549
128673594
128673945
128673954
128674359
128674395
128674539
128674593
128674935
128674953
128675349
128675394
128675439
128675493
128675934
128675943
128679345
128679354
128679435
128679453
128679534
128679543
128693457
128693475
128693547
128693574
128693745
128693754
128694357
128694375
128694537
128694573
128694735
128694753
128695347
128695374
128695437
128695473
128695734
128695743
128697345
128697354
128697435
128697453
128697534
128697543
128734569
128734596
128734659
128734695
128734956
128734965
128735469
128735496
128735649
128735694
128735946
128735964
128736459
128736495
128736549
128736594
128736945
128736954
128739456
128739465
128739546
128739564
128739645
128739654
128743569
128743596
128743659
128743695
128743956
128743965
128745369
128745396
128745639
128745693
128745936
128745963
128746359
128746395
128746539
128746593
128746935
128746953
128749356
128749365
128749536
128749563
128749635
128749653
128753469
128753496
128753649
128753694
128753946
128753964
128754369
128754396
128754639
128754693
128754936
128754963
128756349
128756394
128756439
128756493
128756934
128756943
128759346
128759364
128759436
128759463
128759634
128759643
128763459
128763495
128763549
128763594
128763945
128763954
128764359
128764395
128764539
128764593
128764935
128764953
128765349
128765394
128765439
128765493
128765934
128765943
128769345
128769354
128769435
128769453
128769534
128769543
128793456
128793465
128793546
128793564
128793645
128793654
128794356
128794365
128794536
128794563
128794635
128794653
128795346
128795364
128795436
128795463
128795634
128795643
128796345
128796354
128796435
128796453
128796534
128796543
128934567
128934576
128934657
128934675
128934756
128934765
128935467
128935476
128935647
128935674
128935746
128935764
128936457
128936475
128936547
128936574
128936745
128936754
128937456
128937465
128937546
128937564
128937645
128937654
128943567
128943576
128943657
128943675
128943756
128943765
128945367
128945376
128945637
128945673
128945736
128945763
128946357
128946375
128946537
128946573
128946735
128946753
128947356
128947365
128947536
128947563
128947635
128947653
128953467
128953476
128953647
128953674
128953746
128953764
128954367
128954376
128954637
128954673
128954736
128954763
128956347
128956374
128956437
128956473
128956734
128956743
128957346
128957364
128957436
128957463
128957634
128957643
128963457
128963475
128963547
128963574
128963745
128963754
128964357
128964375
128964537
128964573
128964735
128964753
128965347
128965374
128965437
128965473
128965734
128965743
128967345
128967354
128967435
128967453
128967534
128967543
128973456
128973465
128973546
128973564
128973645
128973654
128974356
128974365
128974536
128974563
128974635
128974653
128975346
128975364
128975436
128975463
128975634
128975643
128976345
128976354
128976435
128976453
128976534
128976543
129345678
129345687
129345768
129345786
129345867
129345876
129346578
129346587
129346758
129346785
129346857
129346875
129347568
129347586
129347658
129347685
129347856
129347865
129348567
129348576
129348657
129348675
129348756
129348765
129354678
129354687
129354768
129354786
129354867
129354876
129356478
129356487
129356748
129356784
129356847
129356874
129357468
129357486
129357648
129357684
129357846
129357864
129358467
129358476
129358647
129358674
129358746
129358764
129364578
129364587
129364758
129364785
129364857
129364875
129365478
129365487
129365748
129365784
129365847
129365874
129367458
129367485
129367548
129367584
129367845
129367854
129368457
129368475
129368547
129368574
129368745
129368754
129374568
129374586
129374658
129374685
129374856
129374865
129375468
129375486
129375648
129375684
129375846
129375864
129376458
129376485
129376548
129376584
129376845
129376854
129378456
129378465
129378546
129378564
129378645
129378654
129384567
129384576
129384657
129384675
129384756
129384765
129385467
129385476
129385647
129385674
129385746
129385764
129386457
129386475
129386547
129386574
129386745
129386754
129387456
129387465
129387546
129387564
129387645
129387654
129435678
129435687
129435768
129435786
129435867
129435876
129436578
129436587
129436758
129436785
129436857
129436875
129437568
129437586
129437658
129437685
129437856
129437865
129438567
129438576
129438657
129438675
129438756
129438765
129453678
129453687
129453768
129453786
129453867
129453876
129456378
129456387
129456738
129456783
129456837
129456873
129457368
129457386
129457638
129457683
129457836
129457863
129458367
129458376
129458637
129458673
129458736
129458763
129463578
129463587
129463758
129463785
129463857
129463875
129465378
129465387
129465738
129465783
129465837
129465873
129467358
129467385
129467538
129467583
129467835
129467853
129468357
129468375
129468537
129468573
129468735
129468753
129473568
129473586
129473658
129473685
129473856
129473865
129475368
129475386
129475638
129475683
129475836
129475863
129476358
129476385
129476538
129476583
129476835
129476853
129478356
129478365
129478536
129478563
129478635
129478653
129483567
129483576
129483657
129483675
129483756
129483765
129485367
129485376
129485637
129485673
129485736
129485763
129486357
129486375
129486537
129486573
129486735
129486753
129487356
129487365
129487536
129487563
129487635
129487653
129534678
129534687
129534768
129534786
129534867
129534876
129536478
129536487
129536748
129536784
129536847
129536874
129537468
129537486
129537648
129537684
129537846
129537864
129538467
129538476
129538647
129538674
129538746
129538764
129543678
129543687
129543768
129543786
129543867
129543876
129546378
129546387
129546738
129546783
129546837
129546873
129547368
129547386
129547638
129547683
129547836
129547863
129548367
129548376
129548637
129548673
129548736
129548763
129563478
129563487
129563748
129563784
129563847
129563874
129564378
129564387
129564738
129564783
129564837
129564873
129567348
129567384
129567438
129567483
129567834
129567843
129568347
129568374
129568437
129568473
129568734
129568743
129573468
129573486
129573648
129573684
129573846
129573864
129574368
129574386
129574638
129574683
129574836
129574863
129576348
129576384
129576438
129576483
129576834
129576843
129578346
129578364
129578436
129578463
129578634
129578643
129583467
129583476
129583647
129583674
129583746
129583764
129584367
129584376
129584637
129584673
129584736
129584763
129586347
129586374
129586437
129586473
129586734
129586743
129587346
129587364
129587436
129587463
129587634
129587643
129634578
129634587
129634758
129634785
129634857
129634875
129635478
129635487
129635748
129635784
129635847
129635874
129637458
129637485
129637548
129637584
129637845
129637854
129638457
129638475
129638547
129638574
129638745
129638754
129643578
129643587
129643758
129643785
129643857
129643875
129645378
129645387
129645738
129645783
129645837
129645873
129647358
129647385
129647538
129647583
129647835
129647853
129648357
129648375
129648537
129648573
129648735
129648753
129653478
129653487
129653748
129653784
129653847
129653874
129654378
129654387
129654738
129654783
129654837
129654873
129657348
129657384
129657438
129657483
129657834
129657843
129658347
129658374
129658437
129658473
129658734
129658743
129673458
129673485
129673548
129673584
129673845
129673854
129674358
129674385
129674538
129674583
129674835
129674853
129675348
129675384
129675438
129675483
129675834
129675843
129678345
129678354
129678435
129678453
129678534
129678543
129683457
129683475
129683547
129683574
129683745
129683754
129684357
129684375
129684537
129684573
129684735
129684753
129685347
129685374
129685437
129685473
129685734
129685743
129687345
129687354
129687435
129687453
129687534
129687543
129734568
129734586
129734658
129734685
129734856
129734865
129735468
129735486
129735648
129735684
129735846
129735864
129736458
129736485
129736548
129736584
129736845
129736854
129738456
129738465
129738546
129738564
129738645
129738654
129743568
129743586
129743658
129743685
129743856
129743865
129745368
129745386
129745638
129745683
129745836
129745863
129746358
129746385
129746538
129746583
129746835
129746853
129748356
129748365
129748536
129748563
129748635
129748653
129753468
129753486
129753648
129753684
129753846
129753864
129754368
129754386
129754638
129754683
129754836
129754863
129756348
129756384
129756438
129756483
129756834
129756843
129758346
129758364
129758436
129758463
129758634
129758643
129763458
129763485
129763548
129763584
129763845
129763854
129764358
129764385
129764538
129764583
129764835
129764853
129765348
129765384
129765438
129765483
129765834
129765843
129768345
129768354
129768435
129768453
129768534
129768543
129783456
129783465
129783546
129783564
129783645
129783654
129784356
129784365
129784536
129784563
129784635
129784653
129785346
129785364
129785436
129785463
129785634
129785643
129786345
129786354
129786435
129786453
129786534
129786543
129834567
129834576
129834657
129834675
129834756
129834765
129835467
129835476
129835647
129835674
129835746
129835764
129836457
129836475
129836547
129836574
129836745
129836754
129837456
129837465
129837546
129837564
129837645
129837654
129843567
129843576
129843657
129843675
129843756
129843765
129845367
129845376
129845637
129845673
129845736
129845763
129846357
129846375
129846537
129846573
129846735
129846753
129847356
129847365
129847536
129847563
129847635
129847653
129853467
129853476
129853647
129853674
129853746
129853764
129854367
129854376
129854637
129854673
129854736
129854763
129856347
129856374
129856437
129856473
129856734
129856743
129857346
129857364
129857436
129857463
129857634
129857643
129863457
129863475
129863547
129863574
129863745
129863754
129864357
129864375
129864537
129864573
129864735
129864753
129865347
129865374
129865437
129865473
129865734
129865743
129867345
129867354
129867435
129867453
129867534
129867543
129873456
129873465
129873546
129873564
129873645
129873654
129874356
129874365
129874536
129874563
129874635
129874653
129875346
129875364
129875436
129875463
129875634
129875643
129876345
129876354
129876435
129876453
129876534
129876543
132456789
132456798
132456879
132456897
132456978
132456987
132457689
132457698
132457869
132457896
132457968
132457986
132458679
132458697
132458769
132458796
132458967
132458976
132459678
132459687
132459768
132459786
132459867
132459876
132465789
132465798
132465879
132465897
132465978
132465987
132467589
132467598
132467859
132467895
132467958
132467985
132468579
132468597
132468759
132468795
132468957
132468975
132469578
132469587
132469758
132469785
132469857
132469875
132475689
132475698
132475869
132475896
132475968
132475986
132476589
132476598
132476859
132476895
132476958
132476985
132478569
132478596
132478659
132478695
132478956
132478965
132479568
132479586
132479658
132479685
132479856
132479865
132485679
132485697
132485769
132485796
132485967
132485976
132486579
132486597
132486759
132486795
132486957
132486975
132487569
132487596
132487659
132487695
132487956
132487965
132489567
132489576
132489657
132489675
132489756
132489765
132495678
132495687
132495768
132495786
132495867
132495876
132496578
132496587
132496758
132496785
132496857
132496875
132497568
132497586
132497658
132497685
132497856
132497865
132498567
132498576
132498657
132498675
132498756
132498765
132546789
132546798
132546879
132546897
132546978
132546987
132547689
132547698
132547869
132547896
132547968
132547986
132548679
132548697
132548769
132548796
132548967
132548976
132549678
132549687
132549768
132549786
132549867
132549876
132564789
132564798
132564879
132564897
132564978
132564987
132567489
132567498
132567849
132567894
132567948
132567984
132568479
132568497
132568749
132568794
132568947
132568974
132569478
132569487
132569748
132569784
132569847
132569874
132574689
132574698
132574869
132574896
132574968
132574986
132576489
132576498
132576849
132576894
132576948
132576984
132578469
132578496
132578649
132578694
132578946
132578964
132579468
132579486
132579648
132579684
132579846
132579864
132584679
132584697
132584769
132584796
132584967
132584976
132586479
132586497
132586749
132586794
132586947
132586974
132587469
132587496
132587649
132587694
132587946
132587964
132589467
132589476
132589647
132589674
132589746
132589764
132594678
132594687
132594768
132594786
132594867
132594876
132596478
132596487
132596748
132596784
132596847
132596874
132597468
132597486
132597648
132597684
132597846
132597864
132598467
132598476
132598647
132598674
132598746
132598764
132645789
132645798
132645879
132645897
132645978
132645987
132647589
132647598
132647859
132647895
132647958
132647985
132648579
132648597
132648759
132648795
132648957
132648975
132649578
132649587
132649758
132649785
132649857
132649875
132654789
132654798
132654879
132654897
132654978
132654987
132657489
132657498
132657849
132657894
132657948
132657984
132658479
132658497
132658749
132658794
132658947
132658974
132659478
132659487
132659748
132659784
132659847
132659874
132674589
132674598
132674859
132674895
132674958
132674985
132675489
132675498
132675849
132675894
132675948
132675984
132678459
132678495
132678549
132678594
132678945
132678954
132679458
132679485
132679548
132679584
132679845
132679854
132684579
132684597
132684759
132684795
132684957
132684975
132685479
132685497
132685749
132685794
132685947
132685974
132687459
132687495
132687549
132687594
132687945
132687954
132689457
132689475
132689547
132689574
132689745
132689754
132694578
132694587
132694758
132694785
132694857
132694875
132695478
132695487
132695748
132695784
132695847
132695874
132697458
132697485
132697548
132697584
132697845
132697854
132698457
132698475
132698547
132698574
132698745
132698754
132745689
132745698
132745869
132745896
132745968
132745986
132746589
132746598
132746859
132746895
132746958
132746985
132748569
132748596
132748659
132748695
132748956
132748965
132749568
132749586
132749658
132749685
132749856
132749865
132754689
132754698
132754869
132754896
132754968
132754986
132756489
132756498
132756849
132756894
132756948
132756984
132758469
132758496
132758649
132758694
132758946
132758964
132759468
132759486
132759648
132759684
132759846
132759864
132764589
132764598
132764859
132764895
132764958
132764985
132765489
132765498
132765849
132765894
132765948
132765984
132768459
132768495
132768549
132768594
132768945
132768954
132769458
132769485
132769548
132769584
132769845
132769854
132784569
132784596
132784659
132784695
132784956
132784965
132785469
132785496
132785649
132785694
132785946
132785964
132786459
132786495
132786549
132786594
132786945
132786954
132789456
132789465
132789546
132789564
132789645
132789654
132794568
132794586
132794658
132794685
132794856
132794865
132795468
132795486
132795648
132795684
132795846
132795864
132796458
132796485
132796548
132796584
132796845
132796854
132798456
132798465
132798546
132798564
132798645
132798654
132845679
132845697
132845769
132845796
132845967
132845976
132846579
132846597
132846759
132846795
132846957
132846975
132847569
132847596
132847659
132847695
132847956
132847965
132849567
132849576
132849657
132849675
132849756
132849765
132854679
132854697
132854769
132854796
132854967
132854976
132856479
132856497
132856749
132856794
132856947
132856974
132857469
132857496
132857649
132857694
132857946
132857964
132859467
132859476
132859647
132859674
132859746
132859764
132864579
132864597
132864759
132864795
132864957
132864975
132865479
132865497
132865749
132865794
132865947
132865974
132867459
132867495
132867549
132867594
132867945
132867954
132869457
132869475
132869547
132869574
132869745
132869754
132874569
132874596
132874659
132874695
132874956
132874965
132875469
132875496
132875649
132875694
132875946
132875964
132876459
132876495
132876549
132876594
132876945
132876954
132879456
132879465
132879546
132879564
132879645
132879654
132894567
132894576
132894657
132894675
132894756
132894765
132895467
132895476
132895647
132895674
132895746
132895764
132896457
132896475
132896547
132896574
132896745
132896754
132897456
132897465
132897546
132897564
132897645
132897654
132945678
132945687
132945768
132945786
132945867
132945876
132946578
132946587
132946758
132946785
132946857
132946875
132947568
132947586
132947658
132947685
132947856
132947865
132948567
132948576
132948657
132948675
132948756
132948765
132954678
132954687
132954768
132954786
132954867
132954876
132956478
132956487
132956748
132956784
132956847
132956874
132957468
132957486
132957648
132957684
132957846
132957864
132958467
132958476
132958647
132958674
132958746
132958764
132964578
132964587
132964758
132964785
132964857
132964875
132965478
132965487
132965748
132965784
132965847
132965874
132967458
132967485
132967548
132967584
132967845
132967854
132968457
132968475
132968547
132968574
132968745
132968754
132974568
132974586
132974658
132974685
132974856
132974865
132975468
132975486
132975648
132975684
132975846
132975864
132976458
132976485
132976548
132976584
132976845
132976854
132978456
132978465
132978546
132978564
132978645
132978654
132984567
132984576
132984657
132984675
132984756
132984765
132985467
132985476
132985647
132985674
132985746
132985764
132986457
132986475
132986547
132986574
132986745
132986754
132987456
132987465
132987546
132987564
132987645
132987654
134256789
134256798
134256879
134256897
134256978
134256987
134257689
134257698
134257869
134257896
134257968
134257986
134258679
134258697
134258769
134258796
134258967
134258976
134259678
134259687
134259768
134259786
134259867
134259876
134265789
134265798
134265879
134265897
134265978
134265987
134267589
134267598
134267859
134267895
134267958
134267985
134268579
134268597
134268759
134268795
134268957
134268975
134269578
134269587
134269758
134269785
134269857
134269875
134275689
134275698
134275869
134275896
134275968
134275986
134276589
134276598
134276859
134276895
134276958
134276985
134278569
134278596
134278659
134278695
134278956
134278965
134279568
134279586
134279658
134279685
134279856
134279865
134285679
134285697
134285769
134285796
134285967
134285976
134286579
134286597
134286759
134286795
134286957
134286975
134287569
134287596
134287659
134287695
134287956
134287965
134289567
134289576
134289657
134289675
134289756
134289765
134295678
134295687
134295768
134295786
134295867
134295876
134296578
134296587
134296758
134296785
134296857
134296875
134297568
134297586
134297658
134297685
134297856
134297865
134298567
134298576
134298657
134298675
134298756
134298765
134526789
134526798
134526879
134526897
134526978
134526987
134527689
134527698
134527869
134527896
134527968
134527986
134528679
134528697
134528769
134528796
134528967
134528976
134529678
134529687
134529768
134529786
134529867
134529876
134562789
134562798
134562879
134562897
134562978
134562987
134567289
134567298
134567829
134567892
134567928
134567982
134568279
134568297
134568729
134568792
134568927
134568972
134569278
134569287
134569728
134569782
134569827
134569872
134572689
134572698
134572869
134572896
134572968
134572986
134576289
134576298
134576829
134576892
134576928
134576982
134578269
134578296
134578629
134578692
134578926
134578962
134579268
134579286
134579628
134579682
134579826
134579862
134582679
134582697
134582769
134582796
134582967
134582976
134586279
134586297
134586729
134586792
134586927
134586972
134587269
134587296
134587629
134587692
134587926
134587962
134589267
134589276
134589627
134589672
134589726
134589762
134592678
134592687
134592768
134592786
134592867
134592876
134596278
134596287
134596728
134596782
134596827
134596872
134597268
134597286
134597628
134597682
134597826
134597862
134598267
134598276
134598627
134598672
134598726
134598762
134625789
134625798
134625879
134625897
134625978
134625987
134627589
134627598
134627859
134627895
134627958
134627985
134628579
134628597
134628759
134628795
134628957
134628975
134629578
134629587
134629758
134629785
134629857
134629875
134652789
134652798
134652879
134652897
134652978
134652987
134657289
134657298
134657829
134657892
134657928
134657982
134658279
134658297
134658729
134658792
134658927
134658972
134659278
134659287
134659728
134659782
134659827
134659872
134672589
134672598
134672859
134672895
134672958
134672985
134675289
134675298
134675829
134675892
134675928
134675982
134678259
134678295
134678529
134678592
134678925
134678952
134679258
134679285
134679528
134679582
134679825
134679852
134682579
134682597
134682759
134682795
134682957
134682975
134685279
134685297
134685729
134685792
134685927
134685972
134687259
134687295
134687529
134687592
134687925
134687952
134689257
134689275
134689527
134689572
134689725
134689752
134692578
134692587
134692758
134692785
134692857
134692875
134695278
134695287
134695728
134695782
134695827
134695872
134697258
134697285
134697528
134697582
134697825
134697852
134698257
134698275
134698527
134698572
134698725
134698752
134725689
134725698
134725869
134725896
134725968
134725986
134726589
134726598
134726859
134726895
134726958
134726985
134728569
134728596
134728659
134728695
134728956
134728965
134729568
134729586
134729658
134729685
134729856
134729865
134752689
134752698
134752869
134752896
134752968
134752986
134756289
134756298
134756829
134756892
134756928
134756982
134758269
134758296
134758629
134758692
134758926
134758962
134759268
134759286
134759628
134759682
134759826
134759862
134762589
134762598
134762859
134762895
134762958
134762985
134765289
134765298
134765829
134765892
134765928
134765982
134768259
134768295
134768529
134768592
134768925
134768952
134769258
134769285
134769528
134769582
134769825
134769852
134782569
134782596
134782659
134782695
134782956
134782965
134785269
134785296
134785629
134785692
134785926
134785962
134786259
134786295
134786529
134786592
134786925
134786952
134789256
134789265
134789526
134789562
134789625
134789652
134792568
134792586
134792658
134792685
134792856
134792865
134795268
134795286
134795628
134795682
134795826
134795862
134796258
134796285
134796528
134796582
134796825
134796852
134798256
134798265
134798526
134798562
134798625
134798652
134825679
134825697
134825769
134825796
134825967
134825976
134826579
134826597
134826759
134826795
134826957
134826975
134827569
134827596
134827659
134827695
134827956
134827965
134829567
134829576
134829657
134829675
134829756
134829765
134852679
134852697
134852769
134852796
134852967
134852976
134856279
134856297
134856729
134856792
134856927
134856972
134857269
134857296
134857629
134857692
134857926
134857962
134859267
134859276
134859627
134859672
134859726
134859762
134862579
134862597
134862759
134862795
134862957
134862975
134865279
134865297
134865729
134865792
134865927
134865972
134867259
134867295
134867529
134867592
134867925
134867952
134869257
134869275
134869527
134869572
134869725
134869752
134872569
134872596
134872659
134872695
134872956
134872965
134875269
134875296
134875629
134875692
134875926
134875962
134876259
134876295
134876529
134876592
134876925
134876952
134879256
134879265
134879526
134879562
134879625
134879652
134892567
134892576
134892657
134892675
134892756
134892765
134895267
134895276
134895627
134895672
134895726
134895762
134896257
134896275
134896527
134896572
134896725
134896752
134897256
134897265
134897526
134897562
134897625
134897652
134925678
134925687
134925768
134925786
134925867
134925876
134926578
134926587
134926758
134926785
134926857
134926875
134927568
134927586
134927658
134927685
134927856
134927865
134928567
134928576
134928657
134928675
134928756
134928765
134952678
134952687
134952768
134952786
134952867
134952876
134956278
134956287
134956728
134956782
134956827
134956872
134957268
134957286
134957628
134957682
134957826
134957862
134958267
134958276
134958627
134958672
134958726
134958762
134962578
134962587
134962758
134962785
134962857
134962875
134965278
134965287
134965728
134965782
134965827
134965872
134967258
134967285
134967528
134967582
134967825
134967852
134968257
134968275
134968527
134968572
134968725
134968752
134972568
134972586
134972658
134972685
134972856
134972865
134975268
134975286
134975628
134975682
134975826
134975862
134976258
134976285
134976528
134976582
134976825
134976852
134978256
134978265
134978526
134978562
134978625
134978652
134982567
134982576
134982657
134982675
134982756
134982765
134985267
134985276
134985627
134985672
134985726
134985762
134986257
134986275
134986527
134986572
134986725
134986752
134987256
134987265
134987526
134987562
134987625
134987652
135246789
135246798
135246879
135246897
135246978
135246987
135247689
135247698
135247869
135247896
135247968
135247986
135248679
135248697
135248769
135248796
135248967
135248976
135249678
135249687
135249768
135249786
135249867
135249876
135264789
135264798
135264879
135264897
135264978
135264987
135267489
135267498
135267849
135267894
135267948
135267984
135268479
135268497
135268749
135268794
135268947
135268974
135269478
135269487
135269748
135269784
135269847
135269874
135274689
135274698
135274869
135274896
135274968
135274986
135276489
135276498
135276849
135276894
135276948
135276984
135278469
135278496
135278649
135278694
135278946
135278964
135279468
135279486
135279648
135279684
135279846
135279864
135284679
135284697
135284769
135284796
135284967
135284976
135286479
135286497
135286749
135286794
135286947
135286974
135287469
135287496
135287649
135287694
135287946
135287964
135289467
135289476
135289647
135289674
135289746
135289764
135294678
135294687
135294768
135294786
135294867
135294876
135296478
135296487
135296748
135296784
135296847
135296874
135297468
135297486
135297648
135297684
135297846
135297864
135298467
135298476
135298647
135298674
135298746
135298764
135426789
135426798
135426879
135426897
135426978
135426987
135427689
135427698
135427869
135427896
135427968
135427986
135428679
135428697
135428769
135428796
135428967
135428976
135429678
135429687
135429768
135429786
135429867
135429876
135462789
135462798
135462879
135462897
135462978
135462987
135467289
135467298
135467829
135467892
135467928
135467982
135468279
135468297
135468729
135468792
135468927
135468972
135469278
135469287
135469728
135469782
135469827
135469872
135472689
135472698
135472869
135472896
135472968
135472986
135476289
135476298
135476829
135476892
135476928
135476982
135478269
135478296
135478629
135478692
135478926
135478962
135479268
135479286
135479628
135479682
135479826
135479862
135482679
135482697
135482769
135482796
135482967
135482976
135486279
135486297
135486729
135486792
135486927
135486972
135487269
135487296
135487629
135487692
135487926
135487962
135489267
135489276
135489627
135489672
135489726
135489762
135492678
135492687
135492768
135492786
135492867
135492876
135496278
135496287
135496728
135496782
135496827
135496872
135497268
135497286
135497628
135497682
135497826
135497862
135498267
135498276
135498627
135498672
135498726
135498762
135624789
135624798
135624879
135624897
135624978
135624987
135627489
135627498
135627849
135627894
135627948
135627984
135628479
135628497
135628749
135628794
135628947
135628974
135629478
135629487
135629748
135629784
135629847
135629874
135642789
135642798
135642879
135642897
135642978
135642987
135647289
135647298
135647829
135647892
135647928
135647982
135648279
135648297
135648729
135648792
135648927
135648972
135649278
135649287
135649728
135649782
135649827
135649872
135672489
135672498
135672849
135672894
135672948
135672984
135674289
135674298
135674829
135674892
135674928
135674982
135678249
135678294
135678429
135678492
135678924
135678942
135679248
135679284
135679428
135679482
135679824
135679842
135682479
135682497
135682749
135682794
135682947
135682974
135684279
135684297
135684729
135684792
135684927
135684972
135687249
135687294
135687429
135687492
135687924
135687942
135689247
135689274
135689427
135689472
135689724
135689742
135692478
135692487
135692748
135692784
135692847
135692874
135694278
135694287
135694728
135694782
135694827
135694872
135697248
135697284
135697428
135697482
135697824
135697842
135698247
135698274
135698427
135698472
135698724
135698742
135724689
135724698
135724869
135724896
135724968
135724986
135726489
135726498
135726849
135726894
135726948
135726984
135728469
135728496
135728649
135728694
135728946
135728964
135729468
135729486
135729648
135729684
135729846
135729864
135742689
135742698
135742869
135742896
135742968
135742986
135746289
135746298
135746829
135746892
135746928
135746982
135748269
135748296
135748629
135748692
135748926
135748962
135749268
135749286
135749628
135749682
135749826
135749862
135762489
135762498
135762849
135762894
135762948
135762984
135764289
135764298
135764829
135764892
135764928
135764982
135768249
135768294
135768429
135768492
135768924
135768942
135769248
135769284
135769428
135769482
135769824
135769842
135782469
135782496
135782649
135782694
135782946
135782964
135784269
135784296
135784629
135784692
135784926
135784962
135786249
135786294
135786429
135786492
135786924
135786942
135789246
135789264
135789426
135789462
135789624
135789642
135792468
135792486
135792648
135792684
135792846
135792864
135794268
135794286
135794628
135794682
135794826
135794862
135796248
135796284
135796428
135796482
135796824
135796842
135798246
135798264
135798426
135798462
135798624
135798642
135824679
135824697
135824769
135824796
135824967
135824976
135826479
135826497
135826749
135826794
135826947
135826974
135827469
135827496
135827649
135827694
135827946
135827964
135829467
135829476
135829647
135829674
135829746
135829764
135842679
135842697
135842769
135842796
135842967
135842976
135846279
135846297
135846729
135846792
135846927
135846972
135847269
135847296
135847629
135847692
135847926
135847962
135849267
135849276
135849627
135849672
135849726
135849762
135862479
135862497
135862749
135862794
135862947
135862974
135864279
135864297
135864729
135864792
135864927
135864972
135867249
135867294
135867429
135867492
135867924
135867942
135869247
135869274
135869427
135869472
135869724
135869742
135872469
135872496
135872649
135872694
135872946
135872964
135874269
135874296
135874629
135874692
135874926
135874962
135876249
135876294
135876429
135876492
135876924
135876942
135879246
135879264
135879426
135879462
135879624
135879642
135892467
135892476
135892647
135892674
135892746
135892764
135894267
135894276
135894627
135894672
135894726
135894762
135896247
135896274
135896427
135896472
135896724
135896742
135897246
135897264
135897426
135897462
135897624
135897642
135924678
135924687
135924768
135924786
135924867
135924876
135926478
135926487
135926748
135926784
135926847
135926874
135927468
135927486
135927648
135927684
135927846
135927864
135928467
135928476
135928647
135928674
135928746
135928764
135942678
135942687
135942768
135942786
135942867
135942876
135946278
135946287
135946728
135946782
135946827
135946872
135947268
135947286
135947628
135947682
135947826
135947862
135948267
135948276
135948627
135948672
135948726
135948762
135962478
135962487
135962748
135962784
135962847
135962874
135964278
135964287
135964728
135964782
135964827
135964872
135967248
135967284
135967428
135967482
135967824
135967842
135968247
135968274
135968427
135968472
135968724
135968742
135972468
135972486
135972648
135972684
135972846
135972864
135974268
135974286
135974628
135974682
135974826
135974862
135976248
135976284
135976428
135976482
135976824
135976842
135978246
135978264
135978426
135978462
135978624
135978642
135982467
135982476
135982647
135982674
135982746
135982764
135984267
135984276
135984627
135984672
135984726
135984762
135986247
135986274
135986427
135986472
135986724
135986742
135987246
135987264
135987426
135987462
135987624
135987642
136245789
136245798
136245879
136245897
136245978
136245987
136247589
136247598
136247859
136247895
136247958
136247985
136248579
136248597
136248759
136248795
136248957
136248975
136249578
136249587
136249758
136249785
136249857
136249875
136254789
136254798
136254879
136254897
136254978
136254987
136257489
136257498
136257849
136257894
136257948
136257984
136258479
136258497
136258749
136258794
136258947
136258974
136259478
136259487
136259748
136259784
136259847
136259874
136274589
136274598
136274859
136274895
136274958
136274985
136275489
136275498
136275849
136275894
136275948
136275984
136278459
136278495
136278549
136278594
136278945
136278954
136279458
136279485
136279548
136279584
136279845
136279854
136284579
136284597
136284759
136284795
136284957
136284975
136285479
136285497
136285749
136285794
136285947
136285974
136287459
136287495
136287549
136287594
136287945
136287954
136289457
136289475
136289547
136289574
136289745
136289754
136294578
136294587
136294758
136294785
136294857
136294875
136295478
136295487
136295748
136295784
136295847
136295874
136297458
136297485
136297548
136297584
136297845
136297854
136298457
136298475
136298547
136298574
136298745
136298754
136425789
136425798
136425879
136425897
136425978
136425987
136427589
136427598
136427859
136427895
136427958
136427985
136428579
136428597
136428759
136428795
136428957
136428975
136429578
136429587
136429758
136429785
136429857
136429875
136452789
136452798
136452879
136452897
136452978
136452987
136457289
136457298
136457829
136457892
136457928
136457982
136458279
136458297
136458729
136458792
136458927
136458972
136459278
136459287
136459728
136459782
136459827
136459872
136472589
136472598
136472859
136472895
136472958
136472985
136475289
136475298
136475829
136475892
136475928
136475982
136478259
136478295
136478529
136478592
136478925
136478952
136479258
136479285
136479528
136479582
136479825
136479852
136482579
136482597
136482759
136482795
136482957
136482975
136485279
136485297
136485729
136485792
136485927
136485972
136487259
136487295
136487529
136487592
136487925
136487952
136489257
136489275
136489527
136489572
136489725
136489752
136492578
136492587
136492758
136492785
136492857
136492875
136495278
136495287
136495728
136495782
136495827
136495872
136497258
136497285
136497528
136497582
136497825
136497852
136498257
136498275
136498527
136498572
136498725
136498752
136524789
136524798
136524879
136524897
136524978
136524987
136527489
136527498
136527849
136527894
136527948
136527984
136528479
136528497
136528749
136528794
136528947
136528974
136529478
136529487
136529748
136529784
136529847
136529874
136542789
136542798
136542879
136542897
136542978
136542987
136547289
136547298
136547829
136547892
136547928
136547982
136548279
136548297
136548729
136548792
136548927
136548972
136549278
136549287
136549728
136549782
136549827
136549872
136572489
136572498
136572849
136572894
136572948
136572984
136574289
136574298
136574829
136574892
136574928
136574982
136578249
136578294
136578429
136578492
136578924
136578942
136579248
136579284
136579428
136579482
136579824
136579842
136582479
136582497
136582749
136582794
136582947
136582974
136584279
136584297
136584729
136584792
136584927
136584972
136587249
136587294
136587429
136587492
136587924
136587942
136589247
136589274
136589427
136589472
136589724
136589742
136592478
136592487
136592748
136592784
136592847
136592874
136594278
136594287
136594728
136594782
136594827
136594872
136597248
136597284
136597428
136597482
136597824
136597842
136598247
136598274
136598427
136598472
136598724
136598742
136724589
136724598
136724859
136724895
136724958
136724985
136725489
136725498
136725849
136725894
136725948
136725984
136728459
136728495
136728549
136728594
136728945
136728954
136729458
136729485
136729548
136729584
136729845
136729854
136742589
136742598
136742859
136742895
136742958
136742985
136745289
136745298
136745829
136745892
136745928
136745982
136748259
136748295
136748529
136748592
136748925
136748952
136749258
136749285
136749528
136749582
136749825
136749852
136752489
136752498
136752849
136752894
136752948
136752984
136754289
136754298
136754829
136754892
136754928
136754982
136758249
136758294
136758429
136758492
136758924
136758942
136759248
136759284
136759428
136759482
136759824
136759842
136782459
136782495
136782549
136782594
136782945
136782954
136784259
136784295
136784529
136784592
136784925
136784952
136785249
136785294
136785429
136785492
136785924
136785942
136789245
136789254
136789425
136789452
136789524
136789542
136792458
136792485
136792548
136792584
136792845
136792854
136794258
136794285
136794528
136794582
136794825
136794852
136795248
136795284
136795428
136795482
136795824
136795842
136798245
136798254
136798425
136798452
136798524
136798542
136824579
136824597
136824759
136824795
136824957
136824975
136825479
136825497
136825749
136825794
136825947
136825974
136827459
136827495
136827549
136827594
136827945
136827954
136829457
136829475
136829547
136829574
136829745
136829754
136842579
136842597
136842759
136842795
136842957
136842975
136845279
136845297
136845729
136845792
136845927
136845972
136847259
136847295
136847529
136847592
136847925
136847952
136849257
136849275
136849527
136849572
136849725
136849752
136852479
136852497
136852749
136852794
136852947
136852974
136854279
136854297
136854729
136854792
136854927
136854972
136857249
136857294
136857429
136857492
136857924
136857942
136859247
136859274
136859427
136859472
136859724
136859742
136872459
136872495
136872549
136872594
136872945
136872954
136874259
136874295
136874529
136874592
136874925
136874952
136875249
136875294
136875429
136875492
136875924
136875942
136879245
136879254
136879425
136879452
136879524
136879542
136892457
136892475
136892547
136892574
136892745
136892754
136894257
136894275
136894527
136894572
136894725
136894752
136895247
136895274
136895427
136895472
136895724
136895742
136897245
136897254
136897425
136897452
136897524
136897542
136924578
136924587
136924758
136924785
136924857
136924875
136925478
136925487
136925748
136925784
136925847
136925874
136927458
136927485
136927548
136927584
136927845
136927854
136928457
136928475
136928547
136928574
136928745
136928754
136942578
136942587
136942758
136942785
136942857
136942875
136945278
136945287
136945728
136945782
136945827
136945872
136947258
136947285
136947528
136947582
136947825
136947852
136948257
136948275
136948527
136948572
136948725
136948752
136952478
136952487
136952748
136952784
136952847
136952874
136954278
136954287
136954728
136954782
136954827
136954872
136957248
136957284
136957428
136957482
136957824
136957842
136958247
136958274
136958427
136958472
136958724
136958742
136972458
136972485
136972548
136972584
136972845
136972854
136974258
136974285
136974528
136974582
136974825
136974852
136975248
136975284
136975428
136975482
136975824
136975842
136978245
136978254
136978425
136978452
136978524
136978542
136982457
136982475
136982547
136982574
136982745
136982754
136984257
136984275
136984527
136984572
136984725
136984752
136985247
136985274
136985427
136985472
136985724
136985742
136987245
136987254
136987425
136987452
136987524
136987542
137245689
137245698
137245869
137245896
137245968
137245986
137246589
137246598
137246859
137246895
137246958
137246985
137248569
137248596
137248659
137248695
137248956
137248965
137249568
137249586
137249658
137249685
137249856
137249865
137254689
137254698
137254869
137254896
137254968
137254986
137256489
137256498
137256849
137256894
137256948
137256984
137258469
137258496
137258649
137258694
137258946
137258964
137259468
137259486
137259648
137259684
137259846
137259864
137264589
137264598
137264859
137264895
137264958
137264985
137265489
137265498
137265849
137265894
137265948
137265984
137268459
137268495
137268549
137268594
137268945
137268954
137269458
137269485
137269548
137269584
137269845
137269854
137284569
137284596
137284659
137284695
137284956
137284965
137285469
137285496
137285649
137285694
137285946
137285964
137286459
137286495
137286549
137286594
137286945
137286954
137289456
137289465
137289546
137289564
137289645
137289654
137294568
137294586
137294658
137294685
137294856
137294865
137295468
137295486
137295648
137295684
137295846
137295864
137296458
137296485
137296548
137296584
137296845
137296854
137298456
137298465
137298546
137298564
137298645
137298654
137425689
137425698
137425869
137425896
137425968
137425986
137426589
137426598
137426859
137426895
137426958
137426985
137428569
137428596
137428659
137428695
137428956
137428965
137429568
137429586
137429658
137429685
137429856
137429865
137452689
137452698
137452869
137452896
137452968
137452986
137456289
137456298
137456829
137456892
137456928
137456982
137458269
137458296
137458629
137458692
137458926
137458962
137459268
137459286
137459628
137459682
137459826
137459862
137462589
137462598
137462859
137462895
137462958
137462985
137465289
137465298
137465829
137465892
137465928
137465982
137468259
137468295
137468529
137468592
137468925
137468952
137469258
137469285
137469528
137469582
137469825
137469852
137482569
137482596
137482659
137482695
137482956
137482965
137485269
137485296
137485629
137485692
137485926
137485962
137486259
137486295
137486529
137486592
137486925
137486952
137489256
137489265
137489526
137489562
137489625
137489652
137492568
137492586
137492658
137492685
137492856
137492865
137495268
137495286
137495628
137495682
137495826
137495862
137496258
137496285
137496528
137496582
137496825
137496852
137498256
137498265
137498526
137498562
137498625
137498652
137524689
137524698
137524869
137524896
137524968
137524986
137526489
137526498
137526849
137526894
137526948
137526984
137528469
137528496
137528649
137528694
137528946
137528964
137529468
137529486
137529648
137529684
137529846
137529864
137542689
137542698
137542869
137542896
137542968
137542986
137546289
137546298
137546829
137546892
137546928
137546982
137548269
137548296
137548629
137548692
137548926
137548962
137549268
137549286
137549628
137549682
137549826
137549862
137562489
137562498
137562849
137562894
137562948
137562984
137564289
137564298
137564829
137564892
137564928
137564982
137568249
137568294
137568429
137568492
137568924
137568942
137569248
137569284
137569428
137569482
137569824
137569842
137582469
137582496
137582649
137582694
137582946
137582964
137584269
137584296
137584629
137584692
137584926
137584962
137586249
137586294
137586429
137586492
137586924
137586942
137589246
137589264
137589426
137589462
137589624
137589642
137592468
137592486
137592648
137592684
137592846
137592864
137594268
137594286
137594628
137594682
137594826
137594862
137596248
137596284
137596428
137596482
137596824
137596842
137598246
137598264
137598426
137598462
137598624
137598642
137624589
137624598
137624859
137624895
137624958
137624985
137625489
137625498
137625849
137625894
137625948
137625984
137628459
137628495
137628549
137628594
137628945
137628954
137629458
137629485
137629548
137629584
137629845
137629854
137642589
137642598
137642859
137642895
137642958
137642985
137645289
137645298
137645829
137645892
137645928
137645982
137648259
137648295
137648529
137648592
137648925
137648952
137649258
137649285
137649528
137649582
137649825
137649852
137652489
137652498
137652849
137652894
137652948
137652984
137654289
137654298
137654829
137654892
137654928
137654982
137658249
137658294
137658429
137658492
137658924
137658942
137659248
137659284
137659428
137659482
137659824
137659842
137682459
137682495
137682549
137682594
137682945
137682954
137684259
137684295
137684529
137684592
137684925
137684952
137685249
137685294
137685429
137685492
137685924
137685942
137689245
137689254
137689425
137689452
137689524
137689542
137692458
137692485
137692548
137692584
137692845
137692854
137694258
137694285
137694528
137694582
137694825
137694852
137695248
137695284
137695428
137695482
137695824
137695842
137698245
137698254
137698425
137698452
137698524
137698542
137824569
137824596
137824659
137824695
137824956
137824965
137825469
137825496
137825649
137825694
137825946
137825964
137826459
137826495
137826549
137826594
137826945
137826954
137829456
137829465
137829546
137829564
137829645
137829654
137842569
137842596
137842659
137842695
137842956
137842965
137845269
137845296
137845629
137845692
137845926
137845962
137846259
137846295
137846529
137846592
137846925
137846952
137849256
137849265
137849526
137849562
137849625
137849652
137852469
137852496
137852649
137852694
137852946
137852964
137854269
137854296
137854629
137854692
137854926
137854962
137856249
137856294
137856429
137856492
137856924
137856942
137859246
137859264
137859426
137859462
137859624
137859642
137862459
137862495
137862549
137862594
137862945
137862954
137864259
137864295
137864529
137864592
137864925
137864952
137865249
137865294
137865429
137865492
137865924
137865942
137869245
137869254
137869425
137869452
137869524
137869542
137892456
137892465
137892546
137892564
137892645
137892654
137894256
137894265
137894526
137894562
137894625
137894652
137895246
137895264
137895426
137895462
137895624
137895642
137896245
137896254
137896425
137896452
137896524
137896542
137924568
137924586
137924658
137924685
137924856
137924865
137925468
137925486
137925648
137925684
137925846
137925864
137926458
137926485
137926548
137926584
137926845
137926854
137928456
137928465
137928546
137928564
137928645
137928654
137942568
137942586
137942658
137942685
137942856
137942865
137945268
137945286
137945628
137945682
137945826
137945862
137946258
137946285
137946528
137946582
137946825
137946852
137948256
137948265
137948526
137948562
137948625
137948652
137952468
137952486
137952648
137952684
137952846
137952864
137954268
137954286
137954628
137954682
137954826
137954862
137956248
137956284
137956428
137956482
137956824
137956842
137958246
137958264
137958426
137958462
137958624
137958642
137962458
137962485
137962548
137962584
137962845
137962854
137964258
137964285
137964528
137964582
137964825
137964852
137965248
137965284
137965428
137965482
137965824
137965842
137968245
137968254
137968425
137968452
137968524
137968542
137982456
137982465
137982546
137982564
137982645
137982654
137984256
137984265
137984526
137984562
137984625
137984652
137985246
137985264
137985426
137985462
137985624
137985642
137986245
137986254
137986425
137986452
137986524
137986542
138245679
138245697
138245769
138245796
138245967
138245976
138246579
138246597
138246759
138246795
138246957
138246975
138247569
138247596
138247659
138247695
138247956
138247965
138249567
138249576
138249657
138249675
138249756
138249765
138254679
138254697
138254769
138254796
138254967
138254976
138256479
138256497
138256749
138256794
138256947
138256974
138257469
138257496
138257649
138257694
138257946
138257964
138259467
138259476
138259647
138259674
138259746
138259764
138264579
138264597
138264759
138264795
138264957
138264975
138265479
138265497
138265749
138265794
138265947
138265974
138267459
138267495
138267549
138267594
138267945
138267954
138269457
138269475
138269547
138269574
138269745
138269754
138274569
138274596
138274659
138274695
138274956
138274965
138275469
138275496
138275649
138275694
138275946
138275964
138276459
138276495
138276549
138276594
138276945
138276954
138279456
138279465
138279546
138279564
138279645
138279654
138294567
138294576
138294657
138294675
138294756
138294765
138295467
138295476
138295647
138295674
138295746
138295764
138296457
138296475
138296547
138296574
138296745
138296754
138297456
138297465
138297546
138297564
138297645
138297654
138425679
138425697
138425769
138425796
138425967
138425976
138426579
138426597
138426759
138426795
138426957
138426975
138427569
138427596
138427659
138427695
138427956
138427965
138429567
138429576
138429657
138429675
138429756
138429765
138452679
138452697
138452769
138452796
138452967
138452976
138456279
138456297
138456729
138456792
138456927
138456972
138457269
138457296
138457629
138457692
138457926
138457962
138459267
138459276
138459627
138459672
138459726
138459762
138462579
138462597
138462759
138462795
138462957
138462975
138465279
138465297
138465729
138465792
138465927
138465972
138467259
138467295
138467529
138467592
138467925
138467952
138469257
138469275
138469527
138469572
138469725
138469752
138472569
138472596
138472659
138472695
138472956
138472965
138475269
138475296
138475629
138475692
138475926
138475962
138476259
138476295
138476529
138476592
138476925
138476952
138479256
138479265
138479526
138479562
138479625
138479652
138492567
138492576
138492657
138492675
138492756
138492765
138495267
138495276
138495627
138495672
138495726
138495762
138496257
138496275
138496527
138496572
138496725
138496752
138497256
138497265
138497526
138497562
138497625
138497652
138524679
138524697
138524769
138524796
138524967
138524976
138526479
138526497
138526749
138526794
138526947
138526974
138527469
138527496
138527649
138527694
138527946
138527964
138529467
138529476
138529647
138529674
138529746
138529764
138542679
138542697
138542769
138542796
138542967
138542976
138546279
138546297
138546729
138546792
138546927
138546972
138547269
138547296
138547629
138547692
138547926
138547962
138549267
138549276
138549627
138549672
138549726
138549762
138562479
138562497
138562749
138562794
138562947
138562974
138564279
138564297
138564729
138564792
138564927
138564972
138567249
138567294
138567429
138567492
138567924
138567942
138569247
138569274
138569427
138569472
138569724
138569742
138572469
138572496
138572649
138572694
138572946
138572964
138574269
138574296
138574629
138574692
138574926
138574962
138576249
138576294
138576429
138576492
138576924
138576942
138579246
138579264
138579426
138579462
138579624
138579642
138592467
138592476
138592647
138592674
138592746
138592764
138594267
138594276
138594627
138594672
138594726
138594762
138596247
138596274
138596427
138596472
138596724
138596742
138597246
138597264
138597426
138597462
138597624
138597642
138624579
138624597
138624759
138624795
138624957
138624975
138625479
138625497
138625749
138625794
138625947
13